-4.557153185070556
-4.557153185070556
-12.215785141801312
-12.215785141801312
-12.215785141801312
-12.215785141801312
-12.215785141801312
-12.215785141801312
-12.215785141801312
-12.215785141801312
-12.215785141801312
-12.215785141801312
-12.215785141801312
-12.215785141801312
-12.215785141801312
-12.215785141801312
-12.215785141801312
-12.215785141801312
-12.215785141801312
-12.644961924962384
-12.644961924962384
-12.644961924962384
-12.644961924962384
-12.644961924962384
-12.644961924962384
-12.644961924962384
-12.644961924962384
-12.644961924962384
-12.644961924962384
-12.644961924962384
-12.644961924962384
-12.644961924962384
-12.644961924962384
-12.644961924962384
-12.644961924962384
-12.644961924962384
-12.644961924962384
-12.644961924962384
-12.644961924962384
-12.644961924962384
-12.644961924962384
-12.644961924962384
-12.644961924962384
-12.644961924962384
-12.644961924962384
-12.644961924962384
-12.644961924962384
-12.644961924962384
-12.644961924962384
-12.644961924962384
-12.644961924962384
-12.644961924962384
-12.644961924962384
-12.644961924962384
-12.644961924962384
-12.644961924962384
-12.644961924962384
-12.644961924962384
-12.644961924962384
-12.644961924962384
-12.644961924962384
-12.644961924962384
-12.644961924962384
-12.644961924962384
-12.644961924962384
-12.644961924962384
-12.644961924962384
-12.644961924962384
-12.644961924962384
-12.644961924962384
-12.644961924962384
-12.644961924962384
-12.644961924962384
-12.644961924962384
-12.644961924962384
-12.644961924962384
-12.644961924962384
-12.644961924962384
-12.644961924962384
-12.644961924962384
-12.644961924962384
-12.644961924962384
-12.644961924962384
-12.644961924962384
-12.644961924962384
-12.644961924962384
-12.644961924962384
-12.644961924962384
-12.644961924962384
-12.644961924962384
-12.644961924962384
-12.644961924962384
-12.644961924962384
-12.644961924962384
-12.644961924962384
-12.644961924962384
-12.644961924962384
-12.644961924962384
-12.644961924962384
-12.644961924962384
