-0.7939951352525059
-2.6694898598542043
-2.6694898598542043
-2.6694898598542043
-2.6694898598542043
-2.6694898598542043
-2.6694898598542043
-2.6694898598542043
-2.6694898598542043
-2.6694898598542043
-2.6694898598542043
-2.6694898598542043
-2.6694898598542043
-2.6694898598542043
-2.6694898598542043
-2.6694898598542043
-2.6694898598542043
-2.6694898598542043
-2.6694898598542043
-2.6694898598542043
-2.6694898598542043
-2.6694898598542043
-2.6694898598542043
-2.6694898598542043
-2.6694898598542043
-2.6694898598542043
-2.6694898598542043
-2.6694898598542043
-2.6694898598542043
-2.6694898598542043
-2.6694898598542043
-2.6694898598542043
-2.6694898598542043
-2.6694898598542043
-2.6694898598542043
-2.6694898598542043
-2.6694898598542043
-2.6694898598542043
-2.6694898598542043
-2.6694898598542043
-2.6694898598542043
-2.6694898598542043
-2.6694898598542043
-2.6694898598542043
-2.6694898598542043
-2.6694898598542043
-2.6694898598542043
-2.6694898598542043
-2.6694898598542043
-2.6694898598542043
-2.6694898598542043
-2.6694898598542043
-2.6694898598542043
-2.6694898598542043
-2.6694898598542043
-2.6694898598542043
-2.6694898598542043
-2.6694898598542043
-2.6694898598542043
-2.6694898598542043
-2.6694898598542043
-2.6694898598542043
-2.6694898598542043
-2.6694898598542043
-2.6694898598542043
-2.6694898598542043
-2.6694898598542043
-2.6694898598542043
-2.6694898598542043
-2.6694898598542043
-2.6694898598542043
-2.6694898598542043
-2.6694898598542043
-2.6694898598542043
-2.6694898598542043
-2.6694898598542043
-2.6694898598542043
-2.6694898598542043
-2.6694898598542043
-2.6694898598542043
-2.6694898598542043
-2.6694898598542043
-2.6694898598542043
-2.6694898598542043
-2.6694898598542043
-2.6694898598542043
-2.6694898598542043
-2.6694898598542043
-2.6694898598542043
-2.6694898598542043
-2.6694898598542043
-2.6694898598542043
-2.6694898598542043
-2.6694898598542043
-2.6694898598542043
-2.6694898598542043
-2.6694898598542043
-2.6694898598542043
-2.6694898598542043
-2.6694898598542043
