-10.479816056588694
-20.989851220130898
-20.989851220130898
-20.989851220130898
-20.989851220130898
-20.989851220130898
-20.989851220130898
-20.989851220130898
-20.989851220130898
-20.989851220130898
-20.989851220130898
-20.989851220130898
-20.989851220130898
-20.989851220130898
-20.989851220130898
-20.989851220130898
-20.989851220130898
-20.989851220130898
-20.989851220130898
-20.989851220130898
-20.989851220130898
-20.989851220130898
-20.989851220130898
-20.989851220130898
-29.36301393823272
-29.36301393823272
-29.36301393823272
-29.36301393823272
-29.36301393823272
-29.36301393823272
-29.36301393823272
-29.36301393823272
-29.36301393823272
-29.36301393823272
-29.36301393823272
-29.36301393823272
-29.36301393823272
-31.74243899072124
-31.74243899072124
-31.74243899072124
-31.74243899072124
-31.74243899072124
-31.74243899072124
-31.74243899072124
-31.74243899072124
-31.74243899072124
-31.74243899072124
-31.74243899072124
-31.74243899072124
-31.74243899072124
-31.74243899072124
-31.74243899072124
-31.74243899072124
-31.74243899072124
-31.74243899072124
-31.74243899072124
-31.74243899072124
-31.74243899072124
-31.74243899072124
-31.74243899072124
-31.74243899072124
-31.74243899072124
-31.74243899072124
-31.74243899072124
-31.74243899072124
-31.74243899072124
-31.74243899072124
-31.74243899072124
-31.74243899072124
-31.74243899072124
-31.74243899072124
-31.74243899072124
-31.74243899072124
-31.74243899072124
-31.74243899072124
-31.74243899072124
-31.74243899072124
-31.74243899072124
-31.74243899072124
-31.74243899072124
-31.74243899072124
-31.74243899072124
-31.74243899072124
-31.74243899072124
-31.74243899072124
-31.74243899072124
-31.74243899072124
-31.74243899072124
-31.74243899072124
-31.74243899072124
-31.74243899072124
-31.74243899072124
-31.74243899072124
-31.74243899072124
-31.74243899072124
-31.74243899072124
-31.74243899072124
-31.74243899072124
-31.74243899072124
-31.74243899072124
