-3.6280101628772186
-8.936146570109015
-8.936146570109015
-16.528735554344763
-20.413216585694006
-20.413216585694006
-20.413216585694006
-20.413216585694006
-20.413216585694006
-20.413216585694006
-20.413216585694006
-20.413216585694006
-20.413216585694006
-20.413216585694006
-20.413216585694006
-20.413216585694006
-20.413216585694006
-20.413216585694006
-20.413216585694006
-20.413216585694006
-20.413216585694006
-20.413216585694006
-20.413216585694006
-20.413216585694006
-20.413216585694006
-20.413216585694006
-20.413216585694006
-20.413216585694006
-20.413216585694006
-20.413216585694006
-31.479750737782567
-31.479750737782567
-31.479750737782567
-31.479750737782567
-31.479750737782567
-31.479750737782567
-31.479750737782567
-31.479750737782567
-31.479750737782567
-31.479750737782567
-31.479750737782567
-31.479750737782567
-31.479750737782567
-31.479750737782567
-31.479750737782567
-31.479750737782567
-31.479750737782567
-31.479750737782567
-31.479750737782567
-31.479750737782567
-31.479750737782567
-31.479750737782567
-31.479750737782567
-31.479750737782567
-31.479750737782567
-31.479750737782567
-31.479750737782567
-31.479750737782567
-31.479750737782567
-31.479750737782567
-31.479750737782567
-31.479750737782567
-31.479750737782567
-31.479750737782567
-31.479750737782567
-31.479750737782567
-31.479750737782567
-31.479750737782567
-31.479750737782567
-31.479750737782567
-31.479750737782567
-31.479750737782567
-31.479750737782567
-31.479750737782567
-31.479750737782567
-31.479750737782567
-31.479750737782567
-31.479750737782567
-31.479750737782567
-31.479750737782567
-31.479750737782567
-31.479750737782567
-31.479750737782567
-31.479750737782567
-31.479750737782567
-31.479750737782567
-31.479750737782567
-31.479750737782567
-31.479750737782567
-31.479750737782567
-33.8242708502852
-33.8242708502852
-33.8242708502852
-33.8242708502852
-33.8242708502852
-33.8242708502852
-33.8242708502852
-33.8242708502852
-33.8242708502852
-33.8242708502852
