-5.512690844660338
-5.512690844660338
-6.346146387208504
-7.95660725713712
-7.95660725713712
-7.95660725713712
-7.95660725713712
-7.95660725713712
-7.95660725713712
-7.95660725713712
-7.95660725713712
-7.95660725713712
-7.95660725713712
-7.95660725713712
-7.95660725713712
-7.95660725713712
-7.95660725713712
-7.95660725713712
-7.95660725713712
-7.95660725713712
-7.95660725713712
-7.95660725713712
-7.95660725713712
-7.95660725713712
-7.95660725713712
-7.95660725713712
-7.95660725713712
-7.95660725713712
-8.330572807629293
-8.330572807629293
-8.330572807629293
-8.330572807629293
-8.354616008056622
-10.416618693507207
-10.416618693507207
-10.416618693507207
-10.416618693507207
-10.416618693507207
-10.416618693507207
-10.416618693507207
-10.416618693507207
-10.416618693507207
-13.307243401846064
-13.307243401846064
-13.307243401846064
-13.307243401846064
-13.307243401846064
-13.307243401846064
-13.307243401846064
-13.307243401846064
-13.307243401846064
-13.307243401846064
-13.307243401846064
-13.307243401846064
-13.307243401846064
-13.307243401846064
-13.307243401846064
-13.307243401846064
-13.307243401846064
-13.307243401846064
-22.80696798829385
-22.80696798829385
-22.80696798829385
-22.80696798829385
-22.80696798829385
-22.80696798829385
-22.80696798829385
-22.80696798829385
-22.80696798829385
-22.80696798829385
-22.80696798829385
-22.80696798829385
-22.80696798829385
-22.80696798829385
-22.80696798829385
-22.80696798829385
-22.80696798829385
-22.80696798829385
-22.80696798829385
-22.80696798829385
-22.80696798829385
-22.80696798829385
-22.80696798829385
-22.80696798829385
-22.80696798829385
-22.80696798829385
-22.80696798829385
-22.80696798829385
-22.80696798829385
-22.80696798829385
-22.80696798829385
-22.80696798829385
-22.80696798829385
-22.80696798829385
-22.80696798829385
-22.80696798829385
-22.80696798829385
-22.80696798829385
-22.80696798829385
-22.80696798829385
